00000013
00A00093
01400113
002081B3
40208233
0020F2B3
0020E333
0020C3B3
00112433
00000013
00000013
00000013
00F00093
00700113
002081B3
40208233
0020F2B3
0020E333
0020C3B3
00112433
00000013
00000013
00000013
00000013
00000013
0F000093
FF000213
00000013
00000013
00000013
00000013
00409113
0040D193
40425293
00000013
00000013
00000013
00000013
DEADB0B7
12345137
00000013
00000013
00000013
00000013
00000013
00112023
00000013
00000013
00000013
00000013
00012183
00000013
00000013
00000013
00000013
00000013
00000013
00A00093
01400113
002081B3
40208233
0020F2B3
0020E333
0020C3B3
00112433
00000013
00000013
00000013
00F00093
00700113
002081B3
40208233
0020F2B3
0020E333
0020C3B3
00112433
00000013
00000013
00000013
00000013
00000013
0F000093
FF000213
00000013
00000013
00000013
00000013
00409113
0040D193
40425293
00000013
00000013
00000013
00000013
DEADB0B7
12345137
00000013
00000013
00000013
00000013
00000013
00112023
00000013
00000013
00000013
00000013
00012183
00000013
00000013
00000013
00000013
00000013
00000013
00A00093
01400113
002081B3
40208233
0020F2B3
0020E333
0020C3B3
00112433
00000013
00000013
00000013
00F00093
00700113
002081B3
40208233
0020F2B3
0020E333
0020C3B3
00112433
00000013
00000013
00000013
00000013
00000013
0F000093
FF000213
00000013
00000013
00000013
00000013
00409113
0040D193
40425293
00000013
00000013
00000013
00000013
DEADB0B7
12345137
00000013
00000013
00000013
00000013
00000013
00112023
00000013
00000013
00000013
00000013
00012183
00000013
00000013
00000013
00000013
00000013
